  4 4





  5 5






А 4 4
 00
0  0 
0000
0  0

А 5 5
 000
0   0
00000
0   0
0   0

Б 4 4
 000
00
0  0
0000

Б 5 5
00000
0
0000 
0   0
0000 

В 4 4
0000
0  0
0 0
0000

В 5 5
0000
0   0
0000
0   0
0000

Г 4 4
0000
0
0
0

Г 5 5
00000
0
0
0
0

Д 4 4
000
0  0
0  0
000

Д 5 5
 0000
 0  0
00000
0   0
0   0

Е 4 4
000
0  0
00
0000

Е 5 5
00000
0
00000
0
00000

Ё 4 4
000
0  0
00
0000

Ё 5 5
00000
0
00000
0
00000

Ж 4 7
0  0  0
 00000
 0 0 0
0  0  0

Ж 5 5
0 0 0
0 0 0
 000
0 0 0
0 0 0

З 4 4
0000
  0
   0
0000

З 5 5
0000
    0
0000
    0
0000

И 4 4
0  0
0 00
00 0
0  0

И 5 5
0   0
0  00
0 0 0
00  0
0   0

Й 4 4
0  0
0 00
00 0
0  0

Й 5 5
0 0 0
0  00
0 0 0
00  0
0   0

К 4 4
0 00
00
0 0
0  0

К 5 5
0   0
0  0
000
0  0
0   0

Л 4 4
0
00
0 0
0  0

Л 5 5
 0000
 0  0
 0  0
 0  0
0   0

М 4 8
0   0
00  00
0 0 0 0
0  00  0

М 5 5
0   0
00 00
0 0 0
0   0
0   0

Н 4 4
0  0
0000
0  0
0  0

Н 5 5
0   0
0   0
00000
0   0
0   0

О 4 4
 00
0  0
0  0
 00

О 5 5
 000 
0   0
0   0
0   0
 000 

П 4 4
0000
0  0
0  0
0  0

П 5 5
00000
0   0
0   0
0   0
0   0

Р 4 4
0000
0  0
000
0

Р 5 5
0000 
0   0
0000
0
0

С 4 4
 000
0
0
 000

С 5 5
 0000
0
0
0
 0000

Т 4 4
0000
 00
 00
 00

Т 5 5
00000
  0
  0
  0
  0

У 4 4
0  0
 000
   0
000

У 5 5
0   0
 0  0
  000
    0
00000

Ф 4 8
 000000
0  00  0
 000000
   00

Ф 5 5
00000
0 0 0
00000
  0
  0

Х 4 4
0  0
 00
0  0
0  0

Х 5 5
0   0
 0 0
  0
 0 0
0   0

Ц 4 4
0  0
0  0
000
   0

Ц 5 5
0   0
0   0 
0   0
0000 
    0

Ч 4 4
0  0
0  0
0000
   0

Ч 5 5
0   0
0   0
00000
    0
    0

Ш 4 7
0  0  0
0  0  0
0  0  0
0000000

Ш 5 5
0 0 0
0 0 0
0 0 0
0 0 0
00000

Щ 4 8
0  0  0
0  0  0
0000000 
       0

Щ 5 5
0 0 0
0 0 0
0 0 0
0000
    0

Ъ 4 4
000
  0
00 0
0000

Ъ 5 5
000
  0
  000
  0 0
  000

Ы 4 8
0      0
000    0
0  0   0
0000   0

Ы 5 5
0   0
0   0
000 0
0 0 0
000 0

Ь 4 4
0
000
0  0
0000

Ь 5 5
0
0
00000
0   0
00000

Э 4 4
000 
   0
 0 0
000

Э 5 5
0000
    0
00000
    0
0000

Ю 4 8
0   0000
0   0  0
00000  0
0   0000

Ю 5 5
0 000
0 0 0
000 0
0 0 0
0 000

Я 4 4
0000
0  0
 000
0  0

Я 5 5
 0000
0   0
 0000
 0  0
0   0

. 4 4


00
00

. 5 5



00
00

, 4 4


00
 0

, 5 5



00
 0

! 4 4
00
00

00

! 5 5
0
0
0

0

? 4 4
0000
   0
000
0

? 5 5
0000
    0
00000
 
0
